# unix_time, cycles_done, cur_path, paths_total, pending_total, pending_favs, map_size, unique_crashes, unique_hangs, max_depth, execs_per_sec
1546060306, 0, 0, 2, 2, 0, 0.00%, 0, 0, 1, 34.48
1546060352, 0, 1, 2, 1, 0, 0.00%, 0, 2, 1, 80.75
1546060357, 0, 1, 2, 1, 0, 0.00%, 0, 3, 1, 82.06
1546060362, 0, 1, 2, 1, 0, 0.00%, 0, 4, 1, 74.32
1546060372, 0, 1, 2, 1, 0, 0.00%, 0, 5, 1, 76.42
1546060377, 1, 0, 2, 0, 0, 0.00%, 0, 5, 1, 71.53
1546060382, 1, 1, 2, 0, 0, 0.00%, 0, 6, 1, 70.03
1546060388, 2, 0, 2, 0, 0, 0.00%, 1, 6, 1, 78.65
1546060393, 3, 0, 2, 0, 0, 0.00%, 1, 6, 1, 79.03
1546060398, 3, 1, 2, 0, 0, 0.00%, 1, 7, 1, 76.38
1546060403, 4, 0, 2, 0, 0, 0.00%, 1, 7, 1, 76.62
1546060408, 5, 0, 2, 0, 0, 0.00%, 1, 7, 1, 71.74
1546060413, 5, 1, 2, 0, 0, 0.00%, 1, 7, 1, 69.66
1546060418, 6, 0, 2, 0, 0, 0.00%, 1, 7, 1, 74.77
1546060423, 6, 1, 2, 0, 0, 0.00%, 1, 7, 1, 79.49
1546060429, 7, 1, 2, 0, 0, 0.00%, 1, 7, 1, 78.77
1546060434, 8, 0, 2, 0, 0, 0.00%, 1, 7, 1, 81.08
1546060439, 9, 0, 2, 0, 0, 0.00%, 1, 7, 1, 80.20
1546060444, 9, 1, 2, 0, 0, 0.00%, 1, 7, 1, 66.79
1546060449, 10, 0, 2, 0, 0, 0.00%, 1, 7, 1, 62.27
1546060454, 10, 1, 2, 0, 0, 0.00%, 1, 8, 1, 66.06
1546060459, 11, 0, 2, 0, 0, 0.00%, 1, 8, 1, 62.18
1546060465, 11, 1, 2, 0, 0, 0.00%, 1, 8, 1, 64.95
1546060470, 12, 0, 2, 0, 0, 0.00%, 1, 8, 1, 66.50
1546060475, 13, 0, 2, 0, 0, 0.00%, 1, 8, 1, 75.03
1546060480, 13, 1, 2, 0, 0, 0.00%, 1, 9, 1, 75.76
1546060485, 14, 0, 2, 0, 0, 0.00%, 1, 9, 1, 78.90
1546060490, 15, 0, 2, 0, 0, 0.00%, 1, 9, 1, 80.73
1546060495, 15, 1, 2, 0, 0, 0.00%, 1, 9, 1, 79.98
1546060500, 16, 1, 2, 0, 0, 0.00%, 1, 9, 1, 84.80
1546060506, 17, 0, 2, 0, 0, 0.00%, 1, 9, 1, 83.42
1546060511, 17, 1, 2, 0, 0, 0.00%, 1, 9, 1, 83.71
1546060516, 18, 1, 2, 0, 0, 0.00%, 1, 9, 1, 85.21
1546060521, 19, 0, 2, 0, 0, 0.00%, 1, 9, 1, 75.47
1546060526, 19, 1, 2, 0, 0, 0.00%, 1, 10, 1, 78.68
1546060531, 20, 1, 2, 0, 0, 0.00%, 1, 10, 1, 70.51
1546060537, 21, 0, 2, 0, 0, 0.00%, 1, 10, 1, 65.58
1546060542, 21, 1, 2, 0, 0, 0.00%, 1, 10, 1, 74.32
1546060547, 22, 0, 2, 0, 0, 0.00%, 1, 10, 1, 82.46
1546060552, 23, 0, 2, 0, 0, 0.00%, 1, 10, 1, 84.25
1546060557, 23, 1, 2, 0, 0, 0.00%, 1, 10, 1, 75.47
1546060562, 24, 0, 2, 0, 0, 0.00%, 1, 10, 1, 72.87
1546060567, 24, 1, 2, 0, 0, 0.00%, 1, 10, 1, 66.73
1546060572, 25, 0, 2, 0, 0, 0.00%, 1, 10, 1, 64.99
1546060577, 26, 0, 2, 0, 0, 0.00%, 1, 10, 1, 73.48
1546060582, 26, 1, 2, 0, 0, 0.00%, 1, 10, 1, 80.64
1546060588, 27, 0, 2, 0, 0, 0.00%, 1, 10, 1, 80.55
1546060593, 28, 0, 2, 0, 0, 0.00%, 1, 10, 1, 79.37
1546060598, 28, 1, 2, 0, 0, 0.00%, 1, 10, 1, 83.47
1546060603, 29, 1, 2, 0, 0, 0.00%, 1, 10, 1, 82.32
1546060608, 30, 0, 2, 0, 0, 0.00%, 1, 10, 1, 81.14
1546060613, 31, 0, 2, 0, 0, 0.00%, 1, 10, 1, 82.47
1546060618, 31, 1, 2, 0, 0, 0.00%, 1, 10, 1, 75.51
1546060624, 32, 0, 2, 0, 0, 0.00%, 1, 10, 1, 74.27
1546060629, 32, 1, 2, 0, 0, 0.00%, 1, 10, 1, 74.67
1546060634, 33, 1, 2, 0, 0, 0.00%, 1, 10, 1, 79.39
1546060639, 34, 0, 2, 0, 0, 0.00%, 1, 10, 1, 81.47
1546060644, 34, 1, 2, 0, 0, 0.00%, 1, 10, 1, 79.64
1546060649, 35, 1, 2, 0, 0, 0.00%, 1, 10, 1, 73.03
1546060654, 36, 0, 2, 0, 0, 0.00%, 1, 10, 1, 70.73
1546060659, 36, 1, 2, 0, 0, 0.00%, 1, 10, 1, 73.43
1546060665, 37, 0, 2, 0, 0, 0.00%, 1, 10, 1, 71.60
1546060670, 38, 0, 2, 0, 0, 0.00%, 1, 10, 1, 80.58
1546060675, 38, 1, 2, 0, 0, 0.00%, 1, 10, 1, 80.23
1546060680, 39, 0, 2, 0, 0, 0.00%, 1, 10, 1, 80.21
1546060685, 40, 0, 2, 0, 0, 0.00%, 1, 10, 1, 76.80
1546060690, 40, 1, 2, 0, 0, 0.00%, 1, 10, 1, 80.70
1546060695, 41, 0, 2, 0, 0, 0.00%, 1, 10, 1, 80.20
1546060700, 42, 0, 2, 0, 0, 0.00%, 1, 10, 1, 85.04
1546060705, 42, 1, 2, 0, 0, 0.00%, 1, 10, 1, 84.53
1546060711, 43, 1, 2, 0, 0, 0.00%, 1, 10, 1, 83.00
1546060716, 44, 0, 2, 0, 0, 0.00%, 1, 10, 1, 80.62
1546060721, 45, 0, 2, 0, 0, 0.00%, 1, 10, 1, 75.92
1546060726, 45, 1, 2, 0, 0, 0.00%, 1, 10, 1, 71.13
1546060731, 46, 0, 2, 0, 0, 0.00%, 1, 10, 1, 72.79
1546060736, 46, 1, 2, 0, 0, 0.00%, 1, 10, 1, 70.22
1546060741, 47, 0, 2, 0, 0, 0.00%, 1, 10, 1, 61.44
1546060747, 48, 0, 2, 0, 0, 0.00%, 1, 10, 1, 69.82
1546060752, 48, 1, 2, 0, 0, 0.00%, 1, 11, 1, 71.33
1546060757, 49, 0, 2, 0, 0, 0.00%, 1, 11, 1, 68.59
1546060762, 49, 1, 2, 0, 0, 0.00%, 1, 11, 1, 71.89
1546060767, 50, 0, 2, 0, 0, 0.00%, 1, 12, 1, 72.44
1546060772, 51, 0, 2, 0, 0, 0.00%, 1, 12, 1, 68.94
1546060782, 51, 1, 2, 0, 0, 0.00%, 1, 12, 1, 8.11
1546060787, 52, 0, 2, 0, 0, 0.00%, 1, 12, 1, 2.17
1546060792, 52, 1, 2, 0, 0, 0.00%, 1, 12, 1, 71.25
1546060798, 53, 0, 2, 0, 0, 0.00%, 1, 12, 1, 56.80
1546060803, 53, 1, 2, 0, 0, 0.00%, 1, 12, 1, 63.38
1546060808, 54, 0, 2, 0, 0, 0.00%, 1, 13, 1, 61.09
1546060813, 54, 1, 2, 0, 0, 0.00%, 1, 13, 1, 66.09
1546060818, 55, 0, 2, 0, 0, 0.00%, 1, 13, 1, 73.16
