# unix_time, cycles_done, cur_path, paths_total, pending_total, pending_favs, map_size, unique_crashes, unique_hangs, max_depth, execs_per_sec
1546060936, 0, 0, 2, 2, 0, 0.00%, 0, 0, 1, 145.45
1546060946, 0, 0, 2, 2, 0, 0.00%, 2, 0, 1, 136.20
1546060951, 0, 0, 2, 2, 0, 0.00%, 2, 12, 1, 136.73
1546060956, 0, 0, 2, 2, 0, 0.00%, 2, 35, 1, 130.79
1546060961, 0, 0, 2, 2, 0, 0.00%, 2, 42, 1, 112.85
1546060966, 0, 0, 2, 2, 0, 0.00%, 2, 66, 1, 107.23
1546060972, 0, 1, 2, 1, 0, 0.00%, 3, 90, 1, 94.40
1546060982, 0, 1, 2, 1, 0, 0.00%, 3, 102, 1, 118.22
1546060987, 0, 1, 2, 1, 0, 0.00%, 3, 127, 1, 116.50
1546060992, 0, 1, 2, 1, 0, 0.00%, 3, 143, 1, 116.11
1546060997, 0, 1, 2, 1, 0, 0.00%, 3, 169, 1, 96.34
1546061002, 1, 0, 2, 0, 0, 0.00%, 4, 192, 1, 90.27
1546061007, 1, 1, 2, 0, 0, 0.00%, 4, 212, 1, 133.00
1546061012, 1, 1, 2, 0, 0, 0.00%, 4, 235, 1, 108.84
1546061017, 2, 0, 2, 0, 0, 0.00%, 6, 259, 1, 105.96
1546061022, 2, 1, 2, 0, 0, 0.00%, 6, 287, 1, 110.62
1546061028, 2, 1, 2, 0, 0, 0.00%, 6, 311, 1, 92.08
1546061033, 3, 0, 2, 0, 0, 0.00%, 7, 347, 1, 106.27
1546061038, 3, 1, 2, 0, 0, 0.00%, 8, 373, 1, 94.08
1546061043, 3, 1, 2, 0, 0, 0.00%, 8, 397, 1, 103.60
1546061048, 4, 0, 2, 0, 0, 0.00%, 9, 414, 1, 89.74
1546061053, 4, 0, 2, 0, 0, 0.00%, 9, 429, 1, 96.54
1546061058, 4, 1, 2, 0, 0, 0.00%, 9, 452, 1, 84.77
